15 0 -1 -1
16 4 -1 -1
5 5 -1 -1
5 5 4 -1
5 6 -1 -1
13 6 -1 -1
13 4 -1 -1
5 24 -1 -1
13 24 -1 -1
5 26 -1 -1
13 26 -1 -1
5 40 -1 -1
13 40 -1 -1
12 0 -1 -1
15 42 -1 -1
5 104 42 -1
15 46 -1 -1
5 108 46 -1
15 50 -1 -1
5 112 50 -1
5 54 -1 -1
13 54 -1 -1
5 76 -1 -1
13 76 -1 -1
13 42 -1 -1
5 78 -1 -1
13 78 -1 -1
13 46 -1 -1
5 80 -1 -1
13 80 -1 -1
7 50 0 33
14 46 -1 -1
1 42 46 82
15 86 -1 -1
5 82 86 -1
5 46 90 -1
5 90 42 -1
5 86 94 -1
5 94 46 -1
13 86 -1 -1
5 98 -1 -1
13 98 -1 -1
1 50 116 100
5 100 50 -1
14 31 -1 -1
